refresh_rate: 100
controllers_id: [8]
serials: [586100]
channels: [0]
cal_offset: [-4.806556e-06]
cal_factor: [-7781.41450138835]
kp: [4.0]
ki: [0.0]
kd: [0.35]
direction: [1]
pwm_limit: [950.0]
